79.381379 58712 739.6193003903346 29350 29362 0 0 0 0 0 0 0
81.83640690833299 58708 -1.629309380322307 29348 29360 0 0 0 0 0 0 0
84.367361464787 58700 -3.160862758124113 29342 29356 2 0 0 0 0 0 0
86.97659085280846 58686 -5.365568878026468 29335 29349 2 0 0 0 0 0 0
89.66651587811326 58638 -17.84436352257104 29309 29325 4 0 0 0 0 0 0
92.43963221467565 58416 -80.05434069715054 29194 29214 8 0 0 0 0 0 0
95.29851272017893 57520 -313.4093916395668 28746 28766 8 0 0 0 0 0 0
98.24580982307589 54636 -978.5236775638473 27284 27324 28 0 0 0 0 0 0
101.28425798347416 46298 -2744.1639810326956 23083 23155 60 0 0 0 0 0 0
104.41667623012906 28474 -5690.172447129062 14113 14243 118 0 0 0 0 0 0
107.64597077589825 10850 -5457.53871324305 5281 5431 138 0 0 0 0 0 0
110.97513771408445 6320 -1360.7007651193462 3014 3166 140 0 0 0 0 0 0
114.40726579816793 5166 -336.2345377935299 2437 2589 140 0 0 0 0 0 0
117.94553930750786 4592 -162.2260117780099 2140 2302 150 0 0 0 0 0 0
121.59324100167115 4228 -99.78886173242698 1920 2120 188 0 0 0 0 0 0
125.35375516612982 3932 -78.71264062705892 1703 1972 254 0 3 0 0 0 0
129.23057075215272 3582 -90.2802808732653 1444 1797 320 0 21 0 0 0 0
133.22728461380453 3184 -99.58180990107445 1054 1598 448 0 84 0 0 0 0
137.34760484505563 2730 -110.18561046701626 551 1371 598 0 186 0 24 0 0
141.59535422009867 2376 -83.33825015192025 212 1194 580 0 294 0 96 0 0
