
-29.5 0
-28.5 0
-27.5 0
-26.5 0
-25.5 0
-24.5 0
-23.5 0
-22.5 0
-21.5 0
-20.5 0
-19.5 0
-18.5 0
-17.5 0
-16.5 0
-15.5 0
-14.5 0
-13.5 0
-12.5 0
-11.5 0
-10.5 0
-9.5 0
-8.5 0
-7.5 0
-6.5 0
-5.5 0
-4.5 0
-3.5 0
-2.5 0
-1.5 0
-0.5 0
0.5 1.11111e+21
1.5 0
2.5 0
3.5 0
4.5 0
5.5 0
6.5 0
7.5 0
8.5 0
9.5 0
10.5 0
11.5 0
12.5 0
13.5 0
14.5 0
15.5 0
16.5 0
17.5 0
18.5 0
19.5 0
20.5 0
21.5 0
22.5 0
23.5 0
24.5 0
25.5 0
26.5 0
27.5 0
28.5 0
29.5 0

-29.5 0
-28.5 0
-27.5 0
-26.5 0
-25.5 0
-24.5 0
-23.5 0
-22.5 0
-21.5 0
-20.5 0
-19.5 0
-18.5 0
-17.5 0
-16.5 0
-15.5 0
-14.5 0
-13.5 0
-12.5 0
-11.5 0
-10.5 0
-9.5 0
-8.5 0
-7.5 0
-6.5 0
-5.5 0
-4.5 0
-3.5 0
-2.5 1.08333e+19
-1.5 9.5e+19
-0.5 3.57222e+20
0.5 5.31667e+20
1.5 1.04167e+20
2.5 1.22222e+19
3.5 0
4.5 0
5.5 0
6.5 0
7.5 0
8.5 0
9.5 0
10.5 0
11.5 0
12.5 0
13.5 0
14.5 0
15.5 0
16.5 0
17.5 0
18.5 0
19.5 0
20.5 0
21.5 0
22.5 0
23.5 0
24.5 0
25.5 0
26.5 0
27.5 0
28.5 0
29.5 0

-29.5 0
-28.5 0
-27.5 0
-26.5 0
-25.5 0
-24.5 0
-23.5 0
-22.5 0
-21.5 0
-20.5 0
-19.5 0
-18.5 0
-17.5 0
-16.5 0
-15.5 0
-14.5 0
-13.5 0
-12.5 0
-11.5 0
-10.5 0
-9.5 0
-8.5 0
-7.5 0
-6.5 0
-5.5 0
-4.5 0
-3.5 2.77778e+17
-2.5 1.38889e+19
-1.5 1.04444e+20
-0.5 3.45833e+20
0.5 5.19722e+20
1.5 1.09722e+20
2.5 1.72222e+19
3.5 0
4.5 0
5.5 0
6.5 0
7.5 0
8.5 0
9.5 0
10.5 0
11.5 0
12.5 0
13.5 0
14.5 0
15.5 0
16.5 0
17.5 0
18.5 0
19.5 0
20.5 0
21.5 0
22.5 0
23.5 0
24.5 0
25.5 0
26.5 0
27.5 0
28.5 0
29.5 0

-29.5 0
-28.5 0
-27.5 0
-26.5 0
-25.5 0
-24.5 0
-23.5 0
-22.5 0
-21.5 0
-20.5 0
-19.5 0
-18.5 0
-17.5 0
-16.5 0
-15.5 0
-14.5 0
-13.5 0
-12.5 0
-11.5 0
-10.5 0
-9.5 0
-8.5 0
-7.5 0
-6.5 0
-5.5 0
-4.5 2.77778e+17
-3.5 5e+18
-2.5 4.63889e+19
-1.5 1.50556e+20
-0.5 2.85e+20
0.5 4.22778e+20
1.5 1.47778e+20
2.5 4.66667e+19
3.5 6.11111e+18
4.5 5.55556e+17
5.5 0
6.5 0
7.5 0
8.5 0
9.5 0
10.5 0
11.5 0
12.5 0
13.5 0
14.5 0
15.5 0
16.5 0
17.5 0
18.5 0
19.5 0
20.5 0
21.5 0
22.5 0
23.5 0
24.5 0
25.5 0
26.5 0
27.5 0
28.5 0
29.5 0

-29.5 0
-28.5 0
-27.5 0
-26.5 0
-25.5 0
-24.5 0
-23.5 0
-22.5 0
-21.5 0
-20.5 0
-19.5 0
-18.5 0
-17.5 0
-16.5 0
-15.5 0
-14.5 0
-13.5 0
-12.5 0
-11.5 0
-10.5 0
-9.5 0
-8.5 0
-7.5 0
-6.5 0
-5.5 0
-4.5 8.33333e+17
-3.5 1.36111e+19
-2.5 8.41667e+19
-1.5 1.61667e+20
-0.5 2.42222e+20
0.5 3.46667e+20
1.5 1.575e+20
2.5 8.52778e+19
3.5 1.55556e+19
4.5 3.33333e+18
5.5 2.77778e+17
6.5 0
7.5 0
8.5 0
9.5 0
10.5 0
11.5 0
12.5 0
13.5 0
14.5 0
15.5 0
16.5 0
17.5 0
18.5 0
19.5 0
20.5 0
21.5 0
22.5 0
23.5 0
24.5 0
25.5 0
26.5 0
27.5 0
28.5 0
29.5 0

-29.5 0
-28.5 0
-27.5 0
-26.5 0
-25.5 0
-24.5 0
-23.5 0
-22.5 0
-21.5 0
-20.5 0
-19.5 0
-18.5 0
-17.5 0
-16.5 0
-15.5 0
-14.5 0
-13.5 0
-12.5 0
-11.5 0
-10.5 0
-9.5 0
-8.5 0
-7.5 0
-6.5 0
-5.5 5.55556e+17
-4.5 8.33333e+18
-3.5 2.36111e+19
-2.5 1.04444e+20
-1.5 1.52778e+20
-0.5 2.13056e+20
0.5 3.06389e+20
1.5 1.68056e+20
2.5 1.00833e+20
3.5 2.38889e+19
4.5 7.77778e+18
5.5 1.38889e+18
6.5 0
7.5 0
8.5 0
9.5 0
10.5 0
11.5 0
12.5 0
13.5 0
14.5 0
15.5 0
16.5 0
17.5 0
18.5 0
19.5 0
20.5 0
21.5 0
22.5 0
23.5 0
24.5 0
25.5 0
26.5 0
27.5 0
28.5 0
29.5 0

-29.5 0
-28.5 0
-27.5 0
-26.5 0
-25.5 0
-24.5 0
-23.5 0
-22.5 0
-21.5 0
-20.5 0
-19.5 0
-18.5 0
-17.5 0
-16.5 0
-15.5 0
-14.5 0
-13.5 0
-12.5 0
-11.5 0
-10.5 0
-9.5 0
-8.5 0
-7.5 0
-6.5 0
-5.5 1.11111e+18
-4.5 1.52778e+19
-3.5 3.41667e+19
-2.5 1.11944e+20
-1.5 1.49167e+20
-0.5 1.96667e+20
0.5 2.9e+20
1.5 1.48056e+20
2.5 1.11111e+20
3.5 3.88889e+19
4.5 1.11111e+19
5.5 2.5e+18
6.5 8.33333e+17
7.5 2.77778e+17
8.5 0
9.5 0
10.5 0
11.5 0
12.5 0
13.5 0
14.5 0
15.5 0
16.5 0
17.5 0
18.5 0
19.5 0
20.5 0
21.5 0
22.5 0
23.5 0
24.5 0
25.5 0
26.5 0
27.5 0
28.5 0
29.5 0

-29.5 0
-28.5 0
-27.5 0
-26.5 0
-25.5 0
-24.5 0
-23.5 0
-22.5 0
-21.5 0
-20.5 0
-19.5 0
-18.5 0
-17.5 0
-16.5 0
-15.5 0
-14.5 0
-13.5 0
-12.5 0
-11.5 0
-10.5 0
-9.5 0
-8.5 0
-7.5 0
-6.5 8.33333e+17
-5.5 6.11111e+18
-4.5 1.97222e+19
-3.5 4.13889e+19
-2.5 1.12778e+20
-1.5 1.51111e+20
-0.5 1.85556e+20
0.5 2.59444e+20
1.5 1.53889e+20
2.5 1.1e+20
3.5 4.11111e+19
4.5 2.38889e+19
5.5 2.77778e+18
6.5 1.66667e+18
7.5 5.55556e+17
8.5 2.77778e+17
9.5 0
10.5 0
11.5 0
12.5 0
13.5 0
14.5 0
15.5 0
16.5 0
17.5 0
18.5 0
19.5 0
20.5 0
21.5 0
22.5 0
23.5 0
24.5 0
25.5 0
26.5 0
27.5 0
28.5 0
29.5 0

-29.5 0
-28.5 0
-27.5 0
-26.5 0
-25.5 0
-24.5 0
-23.5 0
-22.5 0
-21.5 0
-20.5 0
-19.5 0
-18.5 0
-17.5 0
-16.5 0
-15.5 0
-14.5 0
-13.5 0
-12.5 0
-11.5 0
-10.5 0
-9.5 0
-8.5 0
-7.5 0
-6.5 2.5e+18
-5.5 5.27778e+18
-4.5 2.61111e+19
-3.5 4.94444e+19
-2.5 1.23889e+20
-1.5 1.39444e+20
-0.5 1.83333e+20
0.5 2.33056e+20
1.5 1.43056e+20
2.5 1.16389e+20
3.5 5e+19
4.5 2.91667e+19
5.5 6.11111e+18
6.5 2.77778e+18
7.5 2.77778e+17
8.5 0
9.5 2.77778e+17
10.5 0
11.5 0
12.5 0
13.5 0
14.5 0
15.5 0
16.5 0
17.5 0
18.5 0
19.5 0
20.5 0
21.5 0
22.5 0
23.5 0
24.5 0
25.5 0
26.5 0
27.5 0
28.5 0
29.5 0

-29.5 0
-28.5 0
-27.5 0
-26.5 0
-25.5 0
-24.5 0
-23.5 0
-22.5 0
-21.5 0
-20.5 0
-19.5 0
-18.5 0
-17.5 0
-16.5 0
-15.5 0
-14.5 0
-13.5 0
-12.5 0
-11.5 0
-10.5 0
-9.5 0
-8.5 0
-7.5 0
-6.5 3.61111e+18
-5.5 1.02778e+19
-4.5 2.91667e+19
-3.5 5.11111e+19
-2.5 1.35278e+20
-1.5 1.32222e+20
-0.5 1.73611e+20
0.5 2.10556e+20
1.5 1.46944e+20
2.5 1.18333e+20
3.5 4.88889e+19
4.5 3.52778e+19
5.5 9.44444e+18
6.5 5e+18
7.5 1.11111e+18
8.5 2.77778e+17
9.5 0
10.5 0
11.5 0
12.5 0
13.5 0
14.5 0
15.5 0
16.5 0
17.5 0
18.5 0
19.5 0
20.5 0
21.5 0
22.5 0
23.5 0
24.5 0
25.5 0
26.5 0
27.5 0
28.5 0
29.5 0

-29.5 0
-28.5 0
-27.5 0
-26.5 0
-25.5 0
-24.5 0
-23.5 0
-22.5 0
-21.5 0
-20.5 0
-19.5 0
-18.5 0
-17.5 0
-16.5 0
-15.5 0
-14.5 0
-13.5 0
-12.5 0
-11.5 0
-10.5 0
-9.5 0
-8.5 2.77778e+17
-7.5 2.77778e+17
-6.5 7.22222e+18
-5.5 1.08333e+19
-4.5 3.88889e+19
-3.5 5.61111e+19
-2.5 1.26111e+20
-1.5 1.26389e+20
-0.5 1.71389e+20
0.5 2.09444e+20
1.5 1.28056e+20
2.5 1.23611e+20
3.5 5.41667e+19
4.5 3.66667e+19
5.5 1.36111e+19
6.5 6.94444e+18
7.5 5.55556e+17
8.5 5.55556e+17
9.5 0
10.5 0
11.5 0
12.5 0
13.5 0
14.5 0
15.5 0
16.5 0
17.5 0
18.5 0
19.5 0
20.5 0
21.5 0
22.5 0
23.5 0
24.5 0
25.5 0
26.5 0
27.5 0
28.5 0
29.5 0

-29.5 0
-28.5 0
-27.5 0
-26.5 0
-25.5 0
-24.5 0
-23.5 0
-22.5 0
-21.5 0
-20.5 0
-19.5 0
-18.5 0
-17.5 0
-16.5 0
-15.5 0
-14.5 0
-13.5 0
-12.5 0
-11.5 0
-10.5 0
-9.5 0
-8.5 8.33333e+17
-7.5 1.38889e+18
-6.5 6.66667e+18
-5.5 1.47222e+19
-4.5 4.97222e+19
-3.5 6.22222e+19
-2.5 1.21667e+20
-1.5 1.29444e+20
-0.5 1.44444e+20
0.5 1.98611e+20
1.5 1.375e+20
2.5 1.18056e+20
3.5 5.33333e+19
4.5 4.38889e+19
5.5 1.75e+19
6.5 8.61111e+18
7.5 1.66667e+18
8.5 5.55556e+17
9.5 2.77778e+17
10.5 0
11.5 0
12.5 0
13.5 0
14.5 0
15.5 0
16.5 0
17.5 0
18.5 0
19.5 0
20.5 0
21.5 0
22.5 0
23.5 0
24.5 0
25.5 0
26.5 0
27.5 0
28.5 0
29.5 0

-29.5 0
-28.5 0
-27.5 0
-26.5 0
-25.5 0
-24.5 0
-23.5 0
-22.5 0
-21.5 0
-20.5 0
-19.5 0
-18.5 0
-17.5 0
-16.5 0
-15.5 0
-14.5 0
-13.5 0
-12.5 0
-11.5 0
-10.5 0
-9.5 0
-8.5 5.55556e+17
-7.5 2.22222e+18
-6.5 9.72222e+18
-5.5 2.02778e+19
-4.5 4.86111e+19
-3.5 6.55556e+19
-2.5 1.16389e+20
-1.5 1.21111e+20
-0.5 1.44444e+20
0.5 1.94167e+20
1.5 1.24722e+20
2.5 1.22778e+20
3.5 6.38889e+19
4.5 4.36111e+19
5.5 1.91667e+19
6.5 9.72222e+18
7.5 3.05556e+18
8.5 5.55556e+17
9.5 5.55556e+17
10.5 0
11.5 0
12.5 0
13.5 0
14.5 0
15.5 0
16.5 0
17.5 0
18.5 0
19.5 0
20.5 0
21.5 0
22.5 0
23.5 0
24.5 0
25.5 0
26.5 0
27.5 0
28.5 0
29.5 0

-29.5 0
-28.5 0
-27.5 0
-26.5 0
-25.5 0
-24.5 0
-23.5 0
-22.5 0
-21.5 0
-20.5 0
-19.5 0
-18.5 0
-17.5 0
-16.5 0
-15.5 0
-14.5 0
-13.5 2.77778e+17
-12.5 8.33333e+17
-11.5 5.55556e+17
-10.5 2.77778e+18
-9.5 3.61111e+18
-8.5 8.33333e+18
-7.5 1.30556e+19
-6.5 3.08333e+19
-5.5 3.19444e+19
-4.5 6.38889e+19
-3.5 6.33333e+19
-2.5 1.13611e+20
-1.5 9.41667e+19
-0.5 1.00556e+20
0.5 1.5e+20
1.5 9.83333e+19
2.5 1.16111e+20
3.5 6.22222e+19
4.5 6.94444e+19
5.5 2.97222e+19
6.5 2.72222e+19
7.5 1.22222e+19
8.5 9.72222e+18
9.5 4.44444e+18
10.5 2.77778e+18
11.5 1.11111e+18
12.5 0
13.5 0
14.5 0
15.5 0
16.5 0
17.5 0
18.5 0
19.5 0
20.5 0
21.5 0
22.5 0
23.5 0
24.5 0
25.5 0
26.5 0
27.5 0
28.5 0
29.5 0

-29.5 0
-28.5 0
-27.5 0
-26.5 0
-25.5 0
-24.5 0
-23.5 0
-22.5 0
-21.5 0
-20.5 0
-19.5 0
-18.5 0
-17.5 0
-16.5 0
-15.5 0
-14.5 1.11111e+18
-13.5 8.33333e+17
-12.5 8.33333e+17
-11.5 5e+18
-10.5 6.66667e+18
-9.5 9.44444e+18
-8.5 1.69444e+19
-7.5 1.61111e+19
-6.5 3.52778e+19
-5.5 4.16667e+19
-4.5 6.36111e+19
-3.5 6.58333e+19
-2.5 9.55556e+19
-1.5 8.08333e+19
-0.5 8.38889e+19
0.5 1.26667e+20
1.5 9.08333e+19
2.5 1.04722e+20
3.5 6.69444e+19
4.5 6.86111e+19
5.5 3.25e+19
6.5 3.55556e+19
7.5 1.94444e+19
8.5 2.22222e+19
9.5 8.88889e+18
10.5 4.72222e+18
11.5 3.33333e+18
12.5 8.33333e+17
13.5 8.33333e+17
14.5 8.33333e+17
15.5 2.77778e+17
16.5 2.77778e+17
17.5 0
18.5 0
19.5 0
20.5 0
21.5 0
22.5 0
23.5 0
24.5 0
25.5 0
26.5 0
27.5 0
28.5 0
29.5 0

-29.5 0
-28.5 0
-27.5 0
-26.5 0
-25.5 0
-24.5 0
-23.5 0
-22.5 0
-21.5 0
-20.5 0
-19.5 0
-18.5 0
-17.5 2.77778e+17
-16.5 5.55556e+17
-15.5 2.77778e+17
-14.5 2.22222e+18
-13.5 2.77778e+18
-12.5 3.88889e+18
-11.5 5e+18
-10.5 8.33333e+18
-9.5 1.22222e+19
-8.5 2.47222e+19
-7.5 2.41667e+19
-6.5 4.41667e+19
-5.5 4.44444e+19
-4.5 6.36111e+19
-3.5 6.36111e+19
-2.5 8.44444e+19
-1.5 7.33333e+19
-0.5 8.02778e+19
0.5 1.03889e+20
1.5 7.94444e+19
2.5 9.27778e+19
3.5 5.97222e+19
4.5 6.91667e+19
5.5 4.05556e+19
6.5 3.86111e+19
7.5 2.66667e+19
8.5 2.36111e+19
9.5 1.44444e+19
10.5 8.88889e+18
11.5 6.11111e+18
12.5 5e+18
13.5 1.11111e+18
14.5 2.77778e+17
15.5 1.66667e+18
16.5 2.77778e+17
17.5 5.55556e+17
18.5 0
19.5 0
20.5 0
21.5 0
22.5 0
23.5 0
24.5 0
25.5 0
26.5 0
27.5 0
28.5 0
29.5 0

-29.5 0
-28.5 0
-27.5 0
-26.5 0
-25.5 0
-24.5 0
-23.5 0
-22.5 0
-21.5 2.77778e+17
-20.5 0
-19.5 0
-18.5 2.77778e+17
-17.5 5.55556e+17
-16.5 1.66667e+18
-15.5 8.33333e+17
-14.5 1.38889e+18
-13.5 4.16667e+18
-12.5 1.08333e+19
-11.5 9.16667e+18
-10.5 1.36111e+19
-9.5 1.44444e+19
-8.5 2.75e+19
-7.5 2.55556e+19
-6.5 4.47222e+19
-5.5 4.52778e+19
-4.5 6.58333e+19
-3.5 5.72222e+19
-2.5 8.41667e+19
-1.5 6.36111e+19
-0.5 6.77778e+19
0.5 9.25e+19
1.5 7.19444e+19
2.5 7.97222e+19
3.5 6.02778e+19
4.5 6.72222e+19
5.5 3.94444e+19
6.5 5e+19
7.5 2.52778e+19
8.5 3.13889e+19
9.5 1.41667e+19
10.5 1.63889e+19
11.5 5.55556e+18
12.5 6.66667e+18
13.5 4.16667e+18
14.5 4.44444e+18
15.5 2.77778e+17
16.5 1.38889e+18
17.5 2.77778e+17
18.5 5.55556e+17
19.5 5.55556e+17
20.5 0
21.5 0
22.5 0
23.5 0
24.5 0
25.5 0
26.5 0
27.5 0
28.5 0
29.5 0

-29.5 0
-28.5 0
-27.5 0
-26.5 0
-25.5 0
-24.5 2.77778e+17
-23.5 0
-22.5 0
-21.5 2.77778e+17
-20.5 5.55556e+17
-19.5 2.77778e+17
-18.5 5.55556e+17
-17.5 0
-16.5 1.66667e+18
-15.5 1.94444e+18
-14.5 6.38889e+18
-13.5 6.94444e+18
-12.5 1.05556e+19
-11.5 8.61111e+18
-10.5 1.88889e+19
-9.5 1.97222e+19
-8.5 3.16667e+19
-7.5 2.5e+19
-6.5 4.58333e+19
-5.5 4.38889e+19
-4.5 6.61111e+19
-3.5 5.19444e+19
-2.5 7.88889e+19
-1.5 5.91667e+19
-0.5 5.97222e+19
0.5 8.75e+19
1.5 6.41667e+19
2.5 7.66667e+19
3.5 5.19444e+19
4.5 6.58333e+19
5.5 4.44444e+19
6.5 5.11111e+19
7.5 2.75e+19
8.5 3.08333e+19
9.5 1.63889e+19
10.5 1.80556e+19
11.5 1.13889e+19
12.5 1.05556e+19
13.5 3.88889e+18
14.5 4.16667e+18
15.5 1.38889e+18
16.5 2.22222e+18
17.5 1.38889e+18
18.5 1.66667e+18
19.5 5.55556e+17
20.5 2.77778e+17
21.5 2.77778e+17
22.5 0
23.5 0
24.5 0
25.5 0
26.5 0
27.5 0
28.5 0
29.5 0

-29.5 0
-28.5 0
-27.5 0
-26.5 0
-25.5 0
-24.5 2.77778e+17
-23.5 0
-22.5 0
-21.5 0
-20.5 1.66667e+18
-19.5 2.77778e+17
-18.5 1.11111e+18
-17.5 8.33333e+17
-16.5 1.94444e+18
-15.5 3.33333e+18
-14.5 9.16667e+18
-13.5 6.38889e+18
-12.5 1.33333e+19
-11.5 1.63889e+19
-10.5 2.30556e+19
-9.5 1.77778e+19
-8.5 2.94444e+19
-7.5 3.11111e+19
-6.5 4.41667e+19
-5.5 3.30556e+19
-4.5 6.5e+19
-3.5 5.19444e+19
-2.5 8.02778e+19
-1.5 6.05556e+19
-0.5 6.27778e+19
0.5 7.75e+19
1.5 5.30556e+19
2.5 6.55556e+19
3.5 5.38889e+19
4.5 6.22222e+19
5.5 3.91667e+19
6.5 4.66667e+19
7.5 3.36111e+19
8.5 3.25e+19
9.5 2.11111e+19
10.5 2.27778e+19
11.5 1.13889e+19
12.5 1.25e+19
13.5 7.22222e+18
14.5 5.27778e+18
15.5 4.72222e+18
16.5 4.16667e+18
17.5 1.11111e+18
18.5 1.66667e+18
19.5 2.77778e+17
20.5 0
21.5 2.77778e+17
22.5 0
23.5 2.77778e+17
24.5 0
25.5 2.77778e+17
26.5 0
27.5 0
28.5 0
29.5 0

-29.5 0
-28.5 0
-27.5 0
-26.5 0
-25.5 0
-24.5 2.77778e+17
-23.5 2.77778e+17
-22.5 0
-21.5 0
-20.5 1.11111e+18
-19.5 5.55556e+17
-18.5 2.5e+18
-17.5 3.33333e+18
-16.5 4.44444e+18
-15.5 5.83333e+18
-14.5 9.16667e+18
-13.5 8.05556e+18
-12.5 1.41667e+19
-11.5 1.36111e+19
-10.5 2.58333e+19
-9.5 2.19444e+19
-8.5 3.33333e+19
-7.5 2.83333e+19
-6.5 4.30556e+19
-5.5 3.72222e+19
-4.5 6.52778e+19
-3.5 4.69444e+19
-2.5 6.47222e+19
-1.5 5.66667e+19
-0.5 5.47222e+19
0.5 7.44444e+19
1.5 5.22222e+19
2.5 7.02778e+19
3.5 4.36111e+19
4.5 7e+19
5.5 4.25e+19
6.5 4.72222e+19
7.5 3.38889e+19
8.5 3.47222e+19
9.5 1.80556e+19
10.5 2.16667e+19
11.5 1.36111e+19
12.5 1.47222e+19
13.5 7.22222e+18
14.5 8.88889e+18
15.5 3.61111e+18
16.5 4.72222e+18
17.5 3.33333e+18
18.5 2.5e+18
19.5 8.33333e+17
20.5 5.55556e+17
21.5 5.55556e+17
22.5 2.77778e+17
23.5 0
24.5 2.77778e+17
25.5 0
26.5 0
27.5 0
28.5 0
29.5 0

-29.5 0
-28.5 0
-27.5 0
-26.5 2.77778e+17
-25.5 0
-24.5 2.77778e+17
-23.5 2.77778e+17
-22.5 5.55556e+17
-21.5 2.77778e+17
-20.5 5.55556e+17
-19.5 1.94444e+18
-18.5 3.05556e+18
-17.5 3.05556e+18
-16.5 8.05556e+18
-15.5 6.94444e+18
-14.5 8.33333e+18
-13.5 1.11111e+19
-12.5 1.25e+19
-11.5 1.36111e+19
-10.5 2.58333e+19
-9.5 2.30556e+19
-8.5 3.52778e+19
-7.5 3.16667e+19
-6.5 5.22222e+19
-5.5 3.63889e+19
-4.5 5.27778e+19
-3.5 4.47222e+19
-2.5 6.13889e+19
-1.5 5.36111e+19
-0.5 4.55556e+19
0.5 6.88889e+19
1.5 5.33333e+19
2.5 7e+19
3.5 4.97222e+19
4.5 5.97222e+19
5.5 3.91667e+19
6.5 4.47222e+19
7.5 3e+19
8.5 4.19444e+19
9.5 2.16667e+19
10.5 2.47222e+19
11.5 1.36111e+19
12.5 1.72222e+19
13.5 1.11111e+19
14.5 1e+19
15.5 3.88889e+18
16.5 4.72222e+18
17.5 2.77778e+18
18.5 3.33333e+18
19.5 2.5e+18
20.5 1.94444e+18
21.5 8.33333e+17
22.5 8.33333e+17
23.5 5.55556e+17
24.5 2.77778e+17
25.5 0
26.5 2.77778e+17
27.5 0
28.5 0
29.5 0

-29.5 0
-28.5 0
-27.5 0
-26.5 2.77778e+17
-25.5 2.77778e+17
-24.5 2.77778e+17
-23.5 2.77778e+17
-22.5 1.94444e+18
-21.5 5.55556e+17
-20.5 2.77778e+18
-19.5 2.22222e+18
-18.5 3.61111e+18
-17.5 2.5e+18
-16.5 7.77778e+18
-15.5 5.83333e+18
-14.5 1.25e+19
-13.5 1.16667e+19
-12.5 1.69444e+19
-11.5 1.77778e+19
-10.5 2.61111e+19
-9.5 2.19444e+19
-8.5 3.55556e+19
-7.5 2.88889e+19
-6.5 4.47222e+19
-5.5 4.02778e+19
-4.5 5.55556e+19
-3.5 3.86111e+19
-2.5 6.36111e+19
-1.5 4.44444e+19
-0.5 4.80556e+19
0.5 6.86111e+19
1.5 4.52778e+19
2.5 6e+19
3.5 5.11111e+19
4.5 5.86111e+19
5.5 3.75e+19
6.5 4.61111e+19
7.5 3.77778e+19
8.5 3.94444e+19
9.5 2.11111e+19
10.5 2.38889e+19
11.5 1.63889e+19
12.5 1.55556e+19
13.5 1.11111e+19
14.5 1.16667e+19
15.5 6.94444e+18
16.5 8.33333e+18
17.5 5.55556e+18
18.5 3.33333e+18
19.5 2.5e+18
20.5 3.33333e+18
21.5 5.55556e+17
22.5 5.55556e+17
23.5 0
24.5 5.55556e+17
25.5 0
26.5 0
27.5 0
28.5 2.77778e+17
29.5 0
